v<-coucou


f<-2*5

time<-c(1,2,3,4,5)

